11111
11112
11113
11121
11122
11123
11131
11132
11133
11211
11212
11213
11221
11222
11223
11231
11232
11233
11311
11312
11313
11321
11322
11323
11331
11332
11333
12111
12112
12113
12121
12122
12123
12131
12132
12133
12211
12212
12213
12221
12222
12223
12231
12232
12233
12311
12312
12313
12321
12322
12323
12331
12332
12333
13111
13112
13113
13121
13122
13123
13131
13132
13133
13211
13212
13213
13221
13222
13223
13231
13232
13233
13311
13312
13313
13321
13322
13323
13331
13332
13333
21111
21112
21113
21121
21122
21123
21131
21132
21133
21211
21212
21213
21221
21222
21223
21231
21232
21233
21311
21312
21313
21321
21322
21323
21331
21332
21333
22111
22112
22113
22121
22122
22123
22131
22132
22133
22211
22212
22213
22221
22222
22223
22231
22232
22233
22311
22312
22313
22321
22322
22323
22331
22332
22333
23111
23112
23113
23121
23122
23123
23131
23132
23133
23211
23212
23213
23221
23222
23223
23231
23232
23233
23311
23312
23313
23321
23322
23323
23331
23332
23333
31111
31112
31113
31121
31122
31123
31131
31132
31133
31211
31212
31213
31221
31222
31223
31231
31232
31233
31311
31312
31313
31321
31322
31323
31331
31332
31333
32111
32112
32113
32121
32122
32123
32131
32132
32133
32211
32212
32213
32221
32222
32223
32231
32232
32233
32311
32312
32313
32321
32322
32323
32331
32332
32333
33111
33112
33113
33121
33122
33123
33131
33132
33133
33211
33212
33213
33221
33222
33223
33231
33232
33233
33311
33312
33313
33321
33322
33323
33331
33332
33333